 nodes: 1034
 edges: 26749
 average degree: 51.73887814313346
 clustering coefficient: 0.5264047980773336
 diameter: 9